-4	-3	-20	2.28814e-05	-0.000165814	0.000123345
-4	-3	-19	2.65974e-05	-0.000187499	0.000140293
-4	-3	-18	2.99662e-05	-0.000212698	0.000157565
-4	-3	-17	3.14869e-05	-0.000242324	0.000172641
-4	-3	-16	2.75846e-05	-0.000278082	0.000180197
-4	-3	-15	9.94619e-06	-0.000323693	0.000169576
-4	-3	-14	-4.06547e-05	-0.000388104	0.000120442
-4	-3	-13	-0.000168796	-0.000493793	-3.59079e-06
-4	-3	-12	-0.000478022	-0.000697969	-0.000259399
-4	-3	-11	-0.00120631	-0.0011444	-0.000702952
-4	-3	-10	-0.00287392	-0.0021753	-0.00123661
-4	-3	-9	-0.00642161	-0.00446812	-0.000931845
-4	-3	-8	-0.0122022	-0.00839896	0.00410905
-4	-3	-7	-0.0123284	-0.00834488	0.0201382
-4	-3	-6	1.00798	-0.0298544	0.569632
-4	-3	-5	0.774403	-2.55146	1.16435
-4	-3	-4	0.631625	0.491127	0.740038
-4	-3	-3	1.53794	3.12762	1.376
-4	-3	-2	1.93264	1.20228	0.525629
-4	-3	-1	1.6446	0.995933	-0.500968
-4	-3	0	0.480344	1.0339	-0.0111521
-4	-3	1	1.64503	0.99626	0.501994
-4	-3	2	1.93368	1.20309	-0.524703
-4	-3	3	1.53975	3.12913	-1.37589
-4	-3	4	0.633176	0.49283	-0.742096
-4	-3	5	0.773807	-2.55109	-1.16808
-4	-3	6	1.00506	-0.0315187	-0.572329
-4	-3	7	-0.0152236	-0.0103498	-0.0202294
-4	-3	8	-0.0139533	-0.00966361	-0.0032859
-4	-3	9	-0.00745485	-0.00522158	0.00175457
-4	-3	10	-0.0035315	-0.00265463	0.00191479
-4	-3	11	-0.00165247	-0.00146835	0.00124859
-4	-3	12	-0.00079419	-0.000926401	0.000700752
-4	-3	13	-0.000399624	-0.000659721	0.000364136
-4	-3	14	-0.000212912	-0.000511333	0.000176919
-4	-3	15	-0.000120866	-0.00041686	7.77983e-05
-4	-3	16	-7.3242e-05	-0.000349603	2.72176e-05
-4	-3	17	-4.7259e-05	-0.000297978	2.54591e-06
-4	-3	18	-3.22765e-05	-0.000256541	-8.5719e-06
-4	-3	19	-2.3147e-05	-0.000222431	-1.27452e-05
-4	-3	20	-1.72833e-05	-0.00019394	-1.34734e-05
-4	-2	-20	2.27369e-05	-0.00017567	0.000102776
-4	-2	-19	2.6881e-05	-0.000197877	0.000116916
-4	-2	-18	3.11158e-05	-0.000222377	0.000131203
-4	-2	-17	3.43123e-05	-0.000248509	0.000143196
-4	-2	-16	3.35565e-05	-0.00027471	0.000147507
-4	-2	-15	2.16418e-05	-0.000297908	0.000132713
-4	-2	-14	-1.90892e-05	-0.000312875	7.51792e-05
-4	-2	-13	-0.000132214	-0.000312578	-7.29075e-05
-4	-2	-12	-0.000426871	-0.000293792	-0.000404411
-4	-2	-11	-0.00118034	-0.000283749	-0.00108179
-4	-2	-10	-0.00309819	-0.000441436	-0.00229781
-4	-2	-9	-0.00789041	-0.0013956	-0.00374796
-4	-2	-8	-0.0185612	-0.00504309	-0.0013043
-4	-2	-7	-0.0266628	-0.0112771	0.026158
-4	-2	-6	0.630321	-0.298334	0.437456
-4	-2	-5	0.918323	0.21512	1.18443
-4	-2	-4	3.63065	3.57579	0.548625
-4	-2	-3	1.60538	1.01034	0.685555
-4	-2	-2	1.75057	1.89803	0.315164
-4	-2	-1	1.63742	1.45271	-0.283161
-4	-2	0	1.54739	1.08481	0.00235362
-4	-2	1	1.6379	1.45296	0.284537
-4	-2	2	1.75185	1.89871	-0.31358
-4	-2	3	1.60827	1.01209	-0.684329
-4	-2	4	3.63438	3.57916	-0.550535
-4	-2	5	0.918708	0.218049	-1.19052
-4	-2	6	0.624772	-0.29956	-0.442758
-4	-2	7	-0.0316254	-0.0135025	-0.0253395
-4	-2	8	-0.0208143	-0.00612213	0.0028755
-4	-2	9	-0.00907943	-0.0019674	0.00492202
-4	-2	10	-0.0038283	-0.000790743	0.00315712
-4	-2	11	-0.00166892	-0.000515984	0.00173267
-4	-2	12	-0.00077025	-0.000455941	0.000912321
-4	-2	13	-0.000381138	-0.000429387	0.000477919
-4	-2	14	-0.000203593	-0.000398946	0.000252981
-4	-2	15	-0.000117564	-0.000362492	0.000136544
-4	-2	16	-7.30905e-05	-0.000323937	7.57647e-05
-4	-2	17	-4.85178e-05	-0.000286561	4.36721e-05
-4	-2	18	-3.40282e-05	-0.000252171	2.652e-05
-4	-2	19	-2.49502e-05	-0.000221484	1.72426e-05
-4	-2	20	-1.89473e-05	-0.00019458	1.21619e-05
-4	-1	-20	2.25294e-05	-0.000183578	8.14306e-05
-4	-1	-19	2.72852e-05	-0.000206333	9.34467e-05
-4	-1	-18	3.28643e-05	-0.000230454	0.000106442
-4	-1	-17	3.89111e-05	-0.000253964	0.000119192
-4	-1	-16	4.41419e-05	-0.000272418	0.00012868
-4	-1	-15	4.48659e-05	-0.000276387	0.000128015
-4	-1	-14	3.11763e-05	-0.000246363	0.000101976
-4	-1	-13	-2.30874e-05	-0.000142524	1.74811e-05
-4	-1	-12	-0.000187531	0.000115268	-0.000196115
-4	-1	-11	-0.000650846	0.000683159	-0.000683672
-4	-1	-10	-0.00193483	0.00183773	-0.00170673
-4	-1	-9	-0.00548633	0.00391188	-0.00351248
-4	-1	-8	-0.0149327	0.00626533	-0.00463045
-4	-1	-7	-0.0300782	-0.000583494	0.0103276
-4	-1	-6	0.00103518	-0.0445603	0.00607528
-4	-1	-5	0.0311094	-0.0575652	0.0272232
-4	-1	-4	0.19443	-0.117415	0.0596442
-4	-1	-3	0.271134	-0.154625	0.0173888
-4	-1	-2	0.281277	-0.169119	0.00387358
-4	-1	-1	0.282809	-0.173613	0.00159949
-4	-1	0	0.283004	-0.17473	0.000734929
-4	-1	1	0.283279	-0.173491	-5.12847e-07
-4	-1	2	0.282532	-0.1688	-0.00180646
-4	-1	3	0.27455	-0.153654	-0.0145324
-4	-1	4	0.202389	-0.113423	-0.0586251
-4	-1	5	0.0394115	-0.0509226	-0.0356625
-4	-1	6	-0.00690485	-0.0448057	-0.0174509
-4	-1	7	-0.0374475	-0.00237874	-0.00782154
-4	-1	8	-0.0174415	0.00565034	0.00689844
-4	-1	9	-0.00673569	0.00361668	0.00493902
-4	-1	10	-0.00269747	0.00166252	0.00268494
-4	-1	11	-0.00116175	0.000567978	0.00140165
-4	-1	12	-0.000546582	3.54404e-05	0.000746059
-4	-1	13	-0.000282912	-0.000199639	0.00041547
-4	-1	14	-0.000160863	-0.000288158	0.000245441
-4	-1	15	-9.95496e-05	-0.00030753	0.000154849
-4	-1	16	-6.61253e-05	-0.000295991	0.000104394
-4	-1	17	-4.64568e-05	-0.000272062	7.48533e-05
-4	-1	18	-3.40774e-05	-0.000244531	5.66128e-05
-4	-1	19	-2.58343e-05	-0.000217414	4.47268e-05
-4	-1	20	-2.00893e-05	-0.0001924	3.65686e-05
-4	0	-20	2.21376e-05	-0.000189751	5.92155e-05
-4	0	-19	2.75581e-05	-0.000213523	6.93961e-05
-4	0	-18	3.46895e-05	-0.000238569	8.19768e-05
-4	0	-17	4.41924e-05	-0.000262498	9.76854e-05
-4	0	-16	5.70301e-05	-0.000279864	0.000117532
-4	0	-15	7.46323e-05	-0.000278851	0.00014296
-4	0	-14	9.91756e-05	-0.000234246	0.000176118
-4	0	-13	0.000134101	-9.2335e-05	0.000220404
-4	0	-12	0.0001852	0.000261782	0.000281656
-4	0	-11	0.000263332	0.00107395	0.000371032
-4	0	-10	0.00039271	0.00285994	0.000512726
-4	0	-9	0.000643256	0.00661265	0.00076691
-4	0	-8	0.00130801	0.013618	0.00129655
-4	0	-7	0.00433464	0.0207776	0.00191348
-4	0	-6	0.00380587	-1.14656	-0.00278988
-4	0	-5	-0.043696	-1.14944	-0.0239933
-4	0	-4	-0.0497556	-1.38417	-0.016701
-4	0	-3	-0.0658405	-1.28872	-0.00323993
-4	0	-2	-0.0479613	-1.50071	-0.00104631
-4	0	-1	-0.0441871	-2.21421	-1.0235e-06
-4	0	0	-0.0483748	-1.93515	0.00119481
-4	0	1	-0.0437389	-2.2142	0.00166964
-4	0	2	-0.0468044	-1.5007	0.00324056
-4	0	3	-0.0627867	-1.28871	0.00670905
-4	0	4	-0.0393433	-1.38417	0.0206326
-4	0	5	-0.0268201	-1.14945	0.0150377
-4	0	6	-0.00574094	-1.14655	-0.0139205
-4	0	7	-0.00425806	0.0207923	0.00187182
-4	0	8	-0.00126399	0.0136377	0.00126596
-4	0	9	-0.000619018	0.0066322	0.000749348
-4	0	10	-0.0003787	0.00287653	0.00050437
-4	0	11	-0.000254383	0.00108709	0.000367856
-4	0	12	-0.000178874	0.000271934	0.000281011
-4	0	13	-0.000129284	-8.45153e-05	0.00022085
-4	0	14	-9.53379e-05	-0.00022818	0.000176947
-4	0	15	-7.14923e-05	-0.000274092	0.000143853
-4	0	16	-5.44196e-05	-0.000276083	0.00011836
-4	0	17	-4.1999e-05	-0.000259456	9.84047e-05
-4	0	18	-3.28314e-05	-0.000236092	8.25834e-05
-4	0	19	-2.59732e-05	-0.000211483	6.99005e-05
-4	0	20	-2.07773e-05	-0.000188054	5.96324e-05
-4	1	-20	2.14145e-05	-0.000194119	3.58533e-05
-4	1	-19	2.73753e-05	-0.00021949	4.3839e-05
-4	1	-18	3.58805e-05	-0.00024707	5.55063e-05
-4	1	-17	4.85809e-05	-0.000275213	7.34716e-05
-4	1	-16	6.8648e-05	-0.000299969	0.000102672
-4	1	-15	0.000102578	-0.000312652	0.000152724
-4	1	-14	0.000164555	-0.000294911	0.000242882
-4	1	-13	0.000287537	-0.000208792	0.000412546
-4	1	-12	0.000552656	2.26364e-05	0.000743108
-4	1	-11	0.00117041	0.000549463	0.00139963
-4	1	-10	0.00271137	0.00163494	0.00268606
-4	1	-9	0.00676115	0.00357493	0.00494752
-4	1	-8	0.0174921	0.00558794	0.00692004
-4	1	-7	0.0375445	-0.00246697	-0.0077862
-4	1	-6	0.00705736	-0.0449173	-0.0174096
-4	1	-5	-0.0392129	-0.0510443	-0.0356478
-4	1	-4	-0.202214	-0.113546	-0.0586345
-4	1	-3	-0.274422	-0.153757	-0.0145376
-4	1	-2	-0.28244	-0.168864	-0.00180796
-4	1	-1	-0.283211	-0.17353	1.56588e-06
-4	1	0	-0.282946	-0.174756	0.000742387
-4	1	1	-0.28275	-0.173633	0.00161166
-4	1	2	-0.281211	-0.169137	0.00388781
-4	1	3	-0.271056	-0.154648	0.0173982
-4	1	4	-0.194349	-0.117446	0.0596432
-4	1	5	-0.0310396	-0.0575992	0.0272049
-4	1	6	-0.000963121	-0.0445842	0.00605215
-4	1	7	0.0301241	-0.000594661	0.010296
-4	1	8	0.0149616	0.0062651	-0.00465461
-4	1	9	0.00550449	0.00391801	-0.00352846
-4	1	10	0.00194666	0.00184614	-0.00171608
-4	1	11	0.000659109	0.000691547	-0.000688681
-4	1	12	0.000193699	0.000122697	-0.000198595
-4	1	13	2.79204e-05	-0.000136277	1.63665e-05
-4	1	14	-2.72728e-05	-0.000241225	0.00010156
-4	1	15	-4.16541e-05	-0.000272192	0.00012794
-4	1	16	-4.14672e-05	-0.00026899	0.000128759
-4	1	17	-3.66639e-05	-0.000251149	0.000119333
-4	1	18	-3.09625e-05	-0.000228128	0.000106599
-4	1	19	-2.56651e-05	-0.000204396	9.35978e-05
-4	1	20	-2.11408e-05	-0.000181953	8.15679e-05
-4	2	-20	2.02317e-05	-0.000196307	1.11259e-05
-4	2	-19	2.64401e-05	-0.000223572	1.59384e-05
-4	2	-18	3.57664e-05	-0.000254732	2.48622e-05
-4	2	-17	5.05578e-05	-0.000289754	4.15437e-05
-4	2	-16	7.55003e-05	-0.000328	7.30047e-05
-4	2	-15	0.000120432	-0.000367791	0.000132929
-4	2	-14	0.000207037	-0.000406076	0.000248203
-4	2	-13	0.000385328	-0.000439356	0.000471556
-4	2	-12	0.000775457	-0.000470546	0.000903805
-4	2	-11	0.00167565	-0.000538576	0.00172127
-4	2	-10	0.00383762	-0.00082781	0.00314198
-4	2	-9	0.00909371	-0.00203166	0.00490221
-4	2	-8	0.0208381	-0.00623736	0.00285017
-4	2	-7	0.0316646	-0.0137034	-0.0253687
-4	2	-6	-0.624792	-0.298959	-0.441314
-4	2	-5	-0.954626	0.226708	-1.1362
-4	2	-4	-3.74525	3.72586	-0.483352
-4	2	-3	-1.62522	1.02041	-0.682218
-4	2	-2	-1.75124	1.89494	-0.31111
-4	2	-1	-1.64844	1.32852	0.451113
-4	2	0	-1.54478	1.08256	-0.00103688
-4	2	1	-1.64796	1.3283	-0.449691
-4	2	2	-1.74997	1.89434	0.312758
-4	2	3	-1.62229	1.01883	0.683526
-4	2	4	-3.7415	3.72276	0.481469
-4	2	5	-0.954255	0.224125	1.13011
-4	2	6	-0.630353	-0.297445	0.435978
-4	2	7	0.0266889	-0.0112922	0.0261388
-4	2	8	0.0185783	-0.00505028	-0.00131874
-4	2	9	0.00790287	-0.00139605	-0.0037584
-4	2	10	0.00310761	-0.000438201	-0.00230488
-4	2	11	0.00118768	-0.000279061	-0.00108634
-4	2	12	0.000432732	-0.000288891	-0.000407251
-4	2	13	0.000136978	-0.000308033	-7.46648e-05
-4	2	14	2.30073e-05	-0.000308887	7.40878e-05
-4	2	15	-1.83908e-05	-0.000294499	0.000132026
-4	2	16	-3.08398e-05	-0.00027183	0.000147067
-4	2	17	-3.20275e-05	-0.000246085	0.000142908
-4	2	18	-2.91825e-05	-0.000220335	0.000131009
-4	2	19	-2.52353e-05	-0.000196151	0.000116783
-4	2	20	-2.13277e-05	-0.000174204	0.000102683
-4	3	-20	1.8522e-05	-0.000195569	-1.48053e-05
-4	3	-19	2.45795e-05	-0.000224392	-1.44346e-05
-4	3	-18	3.39414e-05	-0.000258935	-1.07422e-05
-4	3	-17	4.92028e-05	-0.000300951	-2.82438e-07
-4	3	-16	7.55198e-05	-0.000353374	2.34705e-05
-4	3	-15	0.000123538	-0.000421771	7.27374e-05
-4	3	-14	0.000216032	-0.000517946	0.000169925
-4	3	-13	0.000403205	-0.000669006	0.0003542
-4	3	-12	0.000798088	-0.000940123	0.00068615
-4	3	-11	0.00165606	-0.00148989	0.00122623
-4	3	-10	0.00353263	-0.00269072	0.00187888
-4	3	-9	0.00744648	-0.00528595	0.0016941
-4	3	-8	0.0139128	-0.00978334	-0.00338953
-4	3	-7	0.0150881	-0.0105688	-0.0203878
-4	3	-6	-0.859518	0.0287875	-0.352793
-4	3	-5	-0.782107	-2.56941	-1.17963
-4	3	-4	-0.738104	0.496922	-1.00926
-4	3	-3	-1.51943	3.05677	-1.37259
-4	3	-2	-1.55496	0.937012	-0.194752
-4	3	-1	-1.59006	1.05223	0.516189
-4	3	0	-1.40379	1.07695	0.01221
-4	3	1	-1.58962	1.05193	-0.515075
-4	3	2	-1.55388	0.936283	0.195808
-4	3	3	-1.51749	3.05542	1.37288
-4	3	4	-0.736237	0.495511	1.00738
-4	3	5	-0.78226	-2.56941	1.17592
-4	3	6	-0.862107	0.0307699	0.34994
-4	3	7	0.0123384	-0.00836194	0.0201308
-4	3	8	0.0122123	-0.00840621	0.00410286
-4	3	9	0.00643073	-0.00446975	-0.000937375
-4	3	10	0.00288184	-0.00217387	-0.00124122
-4	3	11	0.00121304	-0.0011415	-0.000706568
-4	3	12	0.000483659	-0.000694571	-0.000262133
-4	3	13	0.000173497	-0.000490411	-5.62037e-06
-4	3	14	4.45719e-05	-0.000384982	0.000118942
-4	3	15	-6.67626e-06	-0.00032092	0.000168462
-4	3	16	-2.48452e-05	-0.000275666	0.000179362
-4	3	17	-2.91813e-05	-0.000240241	0.000172009
-4	3	18	-2.80154e-05	-0.000210908	0.000157079
-4	3	19	-2.49375e-05	-0.000185961	0.000139916
-4	3	20	-2.14608e-05	-0.000164491	0.000123048
-3	-3	-20	1.73106e-05	-0.000165676	0.000126818
-3	-3	-19	2.08225e-05	-0.00018705	0.000144023
-3	-3	-18	2.47067e-05	-0.000211694	0.000160894
-3	-3	-17	2.83111e-05	-0.000240374	0.000173819
-3	-3	-16	2.97244e-05	-0.000274623	0.000174868
-3	-3	-15	2.3812e-05	-0.000318162	0.000147128
-3	-3	-14	-2.88838e-06	-0.000380973	5.49947e-05
-3	-3	-13	-8.57857e-05	-0.000490974	-0.000175837
-3	-3	-12	-0.000319634	-0.000727846	-0.000697876
-3	-3	-11	-0.000964069	-0.00132217	-0.00180907
-3	-3	-10	-0.00274688	-0.00294791	-0.00400302
-3	-3	-9	-0.00771918	-0.00756286	-0.00754498
-3	-3	-8	-0.021104	-0.0202769	-0.00824497
-3	-3	-7	-0.0416843	-0.0403306	0.0308967
-3	-3	-6	0.244093	0.483856	0.776301
-3	-3	-5	0.706074	0.931778	1.56834
-3	-3	-4	1.54135	1.43256	0.308052
-3	-3	-3	4.0774	3.42826	1.57057
-3	-3	-2	1.70963	1.7861	-0.0773344
-3	-3	-1	-1.23966	-0.70453	-0.0226693
-3	-3	0	1.99831	1.53257	0.000173008
-3	-3	1	-1.23927	-0.704155	0.0241966
-3	-3	2	1.71074	1.78718	0.0792293
-3	-3	3	4.08058	3.43137	-1.56896
-3	-3	4	1.5449	1.43611	-0.312381
-3	-3	5	0.704867	0.930903	-1.57574
-3	-3	6	0.237967	0.477738	-0.781094
-3	-3	7	-0.0458908	-0.0445774	-0.0286389
-3	-3	8	-0.0227995	-0.0219856	0.0102626
-3	-3	9	-0.00861047	-0.00845377	0.00888335
-3	-3	10	-0.00330101	-0.00349582	0.00494276
-3	-3	11	-0.00133861	-0.00168857	0.00250704
-3	-3	12	-0.000584378	-0.000984391	0.00123629
-3	-3	13	-0.000278185	-0.000675916	0.000601749
-3	-3	14	-0.000145566	-0.000517184	0.000287961
-3	-3	15	-8.37658e-05	-0.000420266	0.000132832
-3	-3	16	-5.25891e-05	-0.000352354	5.62738e-05
-3	-3	17	-3.55235e-05	-0.000300389	1.89176e-05
-3	-3	18	-2.54181e-05	-0.000258636	1.25952e-06
-3	-3	19	-1.89964e-05	-0.000224211	-6.48041e-06
-3	-3	20	-1.4665e-05	-0.000195425	-9.26534e-06
-3	-2	-20	1.76826e-05	-0.000175623	0.000106515
-3	-2	-19	2.15189e-05	-0.000197385	0.000121174
-3	-2	-18	2.59986e-05	-0.000220962	0.000135548
-3	-2	-17	3.07066e-05	-0.000245213	0.000146298
-3	-2	-16	3.41789e-05	-0.000267595	0.000145764
-3	-2	-15	3.20934e-05	-0.000283002	0.000116767
-3	-2	-14	1.23019e-05	-0.000281989	2.07908e-05
-3	-2	-13	-5.93003e-05	-0.00024892	-0.000229551
-3	-2	-12	-0.00028073	-0.000164353	-0.000835975
-3	-2	-11	-0.000945052	-3.28625e-05	-0.00227163
-3	-2	-10	-0.00297716	-3.25136e-05	-0.00564998
-3	-2	-9	-0.00952726	-0.00123611	-0.0134803
-3	-2	-8	-0.032822	-0.00936534	-0.0299273
-3	-2	-7	-0.137297	-0.0626635	-0.0329032
-3	-2	-6	-0.0271815	-0.0190381	0.134632
-3	-2	-5	1.38825	0.840982	0.29389
-3	-2	-4	2.64138	1.48336	0.286324
-3	-2	-3	2.92377	1.4878	-0.00581151
-3	-2	-2	2.79474	1.42585	-0.0162632
-3	-2	-1	2.76149	1.41307	-0.00394091
-3	-2	0	2.75591	1.41084	0.000842714
-3	-2	1	2.76183	1.41328	0.00582475
-3	-2	2	2.79566	1.42638	0.0190582
-3	-2	3	2.92875	1.48925	0.0100577
-3	-2	4	2.61824	1.48367	-0.293769
-3	-2	5	1.36892	0.843258	-0.303304
-3	-2	6	-0.0535089	-0.0364128	-0.133327
-3	-2	7	-0.141823	-0.066175	0.0414012
-3	-2	8	-0.0342827	-0.0104057	0.0330771
-3	-2	9	-0.0103751	-0.00180622	0.0152116
-3	-2	10	-0.00354101	-0.000401169	0.00678455
-3	-2	11	-0.00133893	-0.000286073	0.00308487
-3	-2	12	-0.000562862	-0.000343525	0.00144874
-3	-2	13	-0.000264974	-0.000378269	0.000705654
-3	-2	14	-0.000139936	-0.000376951	0.000356999
-3	-2	15	-8.22245e-05	-0.000353806	0.000187859
-3	-2	16	-5.28636e-05	-0.000321167	0.000103139
-3	-2	17	-3.64579e-05	-0.000286317	5.94218e-05
-3	-2	18	-2.64899e-05	-0.000252919	3.62304e-05
-3	-2	19	-1.99951e-05	-0.000222541	2.36003e-05
-3	-2	20	-1.55225e-05	-0.000195656	1.65383e-05
-3	-1	-20	1.78749e-05	-0.000183692	8.54858e-05
-3	-1	-19	2.20509e-05	-0.000205938	9.84098e-05
-3	-1	-18	2.725e-05	-0.000228904	0.0001123
-3	-1	-17	3.34901e-05	-0.000249866	0.000125504
-3	-1	-16	4.02807e-05	-0.000262708	0.000133798
-3	-1	-15	4.55647e-05	-0.000254136	0.000126986
-3	-1	-14	4.26546e-05	-0.000195345	8.07913e-05
-3	-1	-13	1.11086e-05	-2.32227e-05	-6.32371e-05
-3	-1	-12	-0.000111629	0.000403373	-0.000449396
-3	-1	-11	-0.00052333	0.00140791	-0.00144641
-3	-1	-10	-0.00188441	0.00374876	-0.00403592
-3	-1	-9	-0.00658505	0.0092229	-0.0109623
-3	-1	-8	-0.0245361	0.0219638	-0.0305153
-3	-1	-7	-0.112074	0.0500272	-0.0966063
-3	-1	-6	-0.380709	0.335826	-0.857071
-3	-1	-5	0.523676	1.63016	-1.44322
-3	-1	-4	1.19059	2.8276	-0.719745
-3	-1	-3	1.11956	3.23652	-0.116728
-3	-1	-2	1.00777	3.26635	-0.0241193
-3	-1	-1	0.981887	3.27315	-0.00517944
-3	-1	0	0.976644	3.27452	0.000904949
-3	-1	1	0.982107	3.2732	0.00718371
-3	-1	2	1.00815	3.26635	0.0269594
-3	-1	3	1.11859	3.23511	0.122937
-3	-1	4	1.19194	2.82701	0.718253
-3	-1	5	0.511585	1.64321	1.42933
-3	-1	6	-0.381284	0.332771	0.839177
-3	-1	7	-0.110123	0.0498322	0.107786
-3	-1	8	-0.0252958	0.0216047	0.0340949
-3	-1	9	-0.00729526	0.00897705	0.0128687
-3	-1	10	-0.00242524	0.00357653	0.00527149
-3	-1	11	-0.000920849	0.00128576	0.00232534
-3	-1	12	-0.000402114	0.000315954	0.00110673
-3	-1	13	-0.000202129	-8.64253e-05	0.000570139
-3	-1	14	-0.00011536	-0.000241593	0.000318565
-3	-1	15	-7.29192e-05	-0.000288428	0.000192931
-3	-1	16	-4.97084e-05	-0.000288486	0.000126087
-3	-1	17	-3.57522e-05	-0.000269509	8.82078e-05
-3	-1	18	-2.67108e-05	-0.000244072	6.5373e-05
-3	-1	19	-2.05156e-05	-0.000217798	5.07685e-05
-3	-1	20	-1.60907e-05	-0.000193075	4.09007e-05
-3	0	-20	1.78428e-05	-0.000190122	6.35725e-05
-3	0	-19	2.2322e-05	-0.000213435	7.51083e-05
-3	0	-18	2.82503e-05	-0.000237344	8.95588e-05
-3	0	-17	3.61936e-05	-0.000258621	0.000107879
-3	0	-16	4.69665e-05	-0.000269896	0.00013142
-3	0	-15	6.17422e-05	-0.000254763	0.000162136
-3	0	-14	8.21965e-05	-0.000176612	0.000202961
-3	0	-13	0.000110659	4.79237e-05	0.000258526
-3	0	-12	0.000150152	0.000614946	0.000336733
-3	0	-11	0.000203877	0.00200552	0.0004527
-3	0	-10	0.00027229	0.00546034	0.000640231
-3	0	-9	0.000337558	0.014374	0.000991952
-3	0	-8	0.000245653	0.0387954	0.00184429
-3	0	-7	-0.00228472	0.113576	0.00485883
-3	0	-6	-0.00385639	0.426919	-0.0169896
-3	0	-5	0.0116299	1.62923	-0.00634267
-3	0	-4	0.00612936	2.7035	0.00375231
-3	0	-3	0.000538326	3.04724	0.00224241
-3	0	-2	-1.99755e-05	3.12016	0.00131146
-3	0	-1	-3.73739e-05	3.13796	0.000991656
-3	0	0	3.81818e-05	3.14147	0.000917823
-3	0	1	0.000122499	3.13796	0.00101521
-3	0	2	0.000133254	3.12014	0.00135883
-3	0	3	-0.000376836	3.04718	0.00230087
-3	0	4	-0.00590934	2.70339	0.00378832
-3	0	5	-0.0114038	1.6291	-0.00637866
-3	0	6	0.00402908	0.426813	-0.0170829
-3	0	7	0.00238943	0.11353	0.00476435
-3	0	8	-0.000192224	0.0387912	0.00178033
-3	0	9	-0.000310623	0.0143852	0.000957555
-3	0	10	-0.000257143	0.00547417	0.000623924
-3	0	11	-0.000194041	0.00201778	0.000445582
-3	0	12	-0.000143024	0.000624857	0.000333892
-3	0	13	-0.000105155	5.57208e-05	0.00025758
-3	0	14	-7.78032e-05	-0.000170497	0.000202816
-3	0	15	-5.81692e-05	-0.000249935	0.000162302
-3	0	16	-4.4025e-05	-0.000266047	0.000131684
-3	0	17	-3.37491e-05	-0.000255519	0.000108153
-3	0	18	-2.62019e-05	-0.000234816	8.98078e-05
-3	0	19	-2.05923e-05	-0.000211352	7.53229e-05
-3	0	20	-1.63717e-05	-0.000188389	6.37525e-05
-3	1	-20	1.75443e-05	-0.000194823	4.04201e-05
-3	1	-19	2.22263e-05	-0.00021991	5.01687e-05
-3	1	-18	2.87404e-05	-0.000246656	6.46234e-05
-3	1	-17	3.81821e-05	-0.000272714	8.72735e-05
-3	1	-16	5.26476e-05	-0.000292526	0.000124936
-3	1	-15	7.65196e-05	-0.000293621	0.000191553
-3	1	-14	0.000119846	-0.000248426	0.000317024
-3	1	-13	0.000207866	-9.56691e-05	0.000568703
-3	1	-12	0.000409784	0.000303036	0.0011062
-3	1	-11	0.000931963	0.00126707	0.00232789
-3	1	-10	0.00244368	0.00354878	0.0052826
-3	1	-9	0.007332	0.00893617	0.0129013
-3	1	-8	0.0253817	0.0215512	0.0341745
-3	1	-7	0.110331	0.049792	0.107939
-3	1	-6	0.381695	0.332696	0.839321
-3	1	-5	-0.510907	1.64317	1.42947
-3	1	-4	-1.19149	2.82705	0.71821
-3	1	-3	-1.11829	3.23514	0.122772
-3	1	-2	-1.008	3.26629	0.0268823
-3	1	-1	-0.982005	3.27316	0.00714955
-3	1	0	-0.976545	3.27448	0.000905456
-3	1	1	-0.981808	3.27312	-0.00515242
-3	1	2	-1.00769	3.26631	-0.024084
-3	1	3	-1.11946	3.23644	-0.116724
-3	1	4	-1.1905	2.8275	-0.719749
-3	1	5	-0.523844	1.63004	-1.44335
-3	1	6	0.380757	0.335827	-0.85711
-3	1	7	0.112106	0.0499846	-0.0966571
-3	1	8	0.0245596	0.0219456	-0.0305544
-3	1	9	0.00660053	0.00922133	-0.0109869
-3	1	10	0.00189524	0.00375422	-0.00405003
-3	1	11	0.000531495	0.00141528	-0.00145418
-3	1	12	0.000118084	0.000410511	-0.000453645
-3	1	13	-5.88155e-06	-1.70048e-05	-6.55896e-05
-3	1	14	-3.83722e-05	-0.000190149	7.94527e-05
-3	1	15	-4.20311e-05	-0.000249861	0.000126197
-3	1	16	-3.73475e-05	-0.000259202	0.000133313
-3	1	17	-3.10406e-05	-0.000246983	0.000125193
-3	1	18	-2.51916e-05	-0.00022652	0.000112091
-3	1	19	-2.03099e-05	-0.000203953	9.82642e-05
-3	1	20	-1.63929e-05	-0.000182027	8.53802e-05
-3	2	-20	1.69529e-05	-0.000197379	1.57516e-05
-3	2	-19	2.16802e-05	-0.000224626	2.26038e-05
-3	2	-18	2.84931e-05	-0.000255475	3.49567e-05
-3	2	-17	3.88638e-05	-0.000289504	5.77792e-05
-3	2	-16	5.57883e-05	-0.000325222	0.000101004
-3	2	-15	8.58328e-05	-0.000359099	0.000185064
-3	2	-14	0.000144473	-0.000384092	0.00035333
-3	2	-13	0.000270832	-0.000388327	0.00070086
-3	2	-12	0.000570735	-0.000358505	0.00144261
-3	2	-11	0.00135024	-0.000310016	0.00307749
-3	2	-10	0.00355922	-0.000442787	0.00677727
-3	2	-9	0.0104102	-0.00188547	0.0152097
-3	2	-8	0.0343664	-0.0105704	0.0330954
-3	2	-7	0.142025	-0.0665608	0.0414642
-3	2	-6	0.0537116	-0.0366957	-0.133327
-3	2	-5	-1.36807	0.842372	-0.303582
-3	2	-4	-2.61743	1.48251	-0.293928
-3	2	-3	-2.92896	1.48994	0.0116693
-3	2	-2	-2.79541	1.42631	0.0189499
-3	2	-1	-2.76172	1.41323	0.00591824
-3	2	0	-2.75571	1.41084	0.000854991
-3	2	1	-2.76142	1.41306	-0.00401234
-3	2	2	-2.79459	1.42589	-0.0161381
-3	2	3	-2.92383	1.48793	-0.00607487
-3	2	4	-2.64127	1.48328	0.286521
-3	2	5	-1.38808	0.840865	0.293982
-3	2	6	0.0268603	-0.0187438	0.134728
-3	2	7	0.137263	-0.062729	-0.0329266
-3	2	8	0.0328284	-0.00938162	-0.029946
-3	2	9	0.00953567	-0.00124003	-0.0134945
-3	2	10	0.00298512	-3.04434e-05	-0.00565991
-3	2	11	0.00095207	-2.83884e-05	-0.00227832
-3	2	12	0.000286726	-0.000159326	-0.000840444
-3	2	13	6.43419e-05	-0.000244158	-0.000232571
-3	2	14	-8.09386e-06	-0.000277783	1.87092e-05
-3	2	15	-2.85878e-05	-0.000279403	0.000115298
-3	2	16	-3.12539e-05	-0.000264556	0.000144701
-3	2	17	-2.8257e-05	-0.000242659	0.000145511
-3	2	18	-2.39366e-05	-0.000218813	0.000134953
-3	2	19	-1.97733e-05	-0.000195572	0.000120716
-3	2	20	-1.61959e-05	-0.000174085	0.000106157
-3	3	-20	1.60664e-05	-0.000197064	-1.03462e-05
-3	3	-19	2.06486e-05	-0.000226186	-7.85965e-06
-3	3	-18	2.73851e-05	-0.000261051	-5.23268e-07
-3	3	-17	3.78919e-05	-0.000303391	1.6579e-05
-3	3	-16	5.54785e-05	-0.000356169	5.31532e-05
-3	3	-15	8.73451e-05	-0.00042525	0.000128581
-3	3	-14	0.00015008	-0.00052394	0.000282022
-3	3	-13	0.000283995	-0.000685529	0.000593177
-3	3	-12	0.000592014	-0.000998966	0.00122338
-3	3	-11	0.00134882	-0.00171253	0.00248643
-3	3	-10	0.00331456	-0.00353933	0.00490713
-3	3	-9	0.00862643	-0.00854239	0.00881453
-3	3	-8	0.0228016	-0.0221892	0.0101077
-3	3	-7	0.0457365	-0.0450765	-0.0290344
-3	3	-6	-0.238496	0.489668	-0.774392
-3	3	-5	-1.20955	0.822474	-0.98692
-3	3	-4	-1.53132	1.52138	-0.312225
-3	3	-3	-4.08284	3.4348	-1.56834
-3	3	-2	-2.03206	1.57839	-0.031118
-3	3	-1	1.48214	-0.957497	-0.073983
-3	3	0	-1.98579	1.53363	0.00127268
-3	3	1	1.48252	-0.957826	0.075596
-3	3	2	-2.03098	1.57748	0.0331711
-3	3	3	-4.07973	3.43213	1.57027
-3	3	4	-1.52713	1.51898	0.308756
-3	3	5	-1.20904	0.824931	0.979522
-3	3	6	-0.243723	0.496925	0.768931
-3	3	7	0.0416686	-0.0403308	0.0308953
-3	3	8	0.0211067	-0.0202839	-0.00825217
-3	3	9	0.00772555	-0.00756475	-0.00755253
-3	3	10	0.00275394	-0.00294648	-0.00400965
-3	3	11	0.000970717	-0.00131913	-0.00181449
-3	3	12	0.000325478	-0.000724251	-0.00070213
-3	3	13	9.07613e-05	-0.000487401	-0.000179112
-3	3	14	7.06498e-06	-0.000377683	5.24889e-05
-3	3	15	-2.03233e-05	-0.000315248	0.000145208
-3	3	16	-2.68095e-05	-0.000272091	0.000173388
-3	3	17	-2.5868e-05	-0.000238195	0.000172669
-3	3	18	-2.26493e-05	-0.000209825	0.000159991
-3	3	19	-1.90801e-05	-0.000185446	0.000143309
-3	3	20	-1.58261e-05	-0.000164298	0.000126246
-2	-3	-20	1.13115e-05	-0.000164933	0.00012988
-2	-3	-19	1.47015e-05	-0.000186027	0.0001479
-2	-3	-18	1.94856e-05	-0.000210239	0.000165681
-2	-3	-17	2.63447e-05	-0.000238228	0.000179344
-2	-3	-16	3.62613e-05	-0.00027136	0.000180075
-2	-3	-15	5.0463e-05	-0.000313143	0.000148312
-2	-3	-14	6.97264e-05	-0.000373568	4.07035e-05
-2	-3	-13	9.10945e-05	-0.000482278	-0.000239896
-2	-3	-12	9.47325e-05	-0.000729449	-0.000914875
-2	-3	-11	-6.793e-06	-0.00139724	-0.00249704
-2	-3	-10	-0.000567502	-0.00340542	-0.00617941
-2	-3	-9	-0.00303958	-0.00995434	-0.0146277
-2	-3	-8	-0.0140097	-0.0336442	-0.0322714
-2	-3	-7	-0.0744233	-0.1418	-0.0362437
-2	-3	-6	-0.0889798	-0.109307	0.114056
-2	-3	-5	0.804044	1.42205	0.292354
-2	-3	-4	1.58075	2.64017	0.32133
-2	-3	-3	1.45615	2.84607	-0.0133223
-2	-3	-2	1.38172	2.70938	-0.019502
-2	-3	-1	1.36474	2.67652	-0.00568659
-2	-3	0	1.36152	2.67001	0.000849149
-2	-3	1	1.36496	2.67683	0.00758553
-2	-3	2	1.38228	2.71023	0.0223252
-2	-3	3	1.45802	2.85092	0.01744
-2	-3	4	1.60046	2.6273	-0.334675
-2	-3	5	0.811595	1.40163	-0.302934
-2	-3	6	-0.104322	-0.134426	-0.115896
-2	-3	7	-0.0777916	-0.146355	0.0446131
-2	-3	8	-0.0150055	-0.0351095	0.0353829
-2	-3	9	-0.00359989	-0.0107978	0.0163436
-2	-3	10	-0.000940028	-0.00396139	0.00730816
-2	-3	11	-0.000268484	-0.00178233	0.00330878
-2	-3	12	-9.36725e-05	-0.00100315	0.00152798
-2	-3	13	-4.67591e-05	-0.000680432	0.000716996
-2	-3	14	-3.25668e-05	-0.000519337	0.000338219
-2	-3	15	-2.64796e-05	-0.000422004	0.000157372
-2	-3	16	-2.23893e-05	-0.000353842	6.97443e-05
-2	-3	17	-1.89457e-05	-0.000301593	2.71406e-05
-2	-3	18	-1.59256e-05	-0.000259562	6.72497e-06
-2	-3	19	-1.33139e-05	-0.000224897	-2.61502e-06
-2	-3	20	-1.11e-05	-0.000195922	-6.41095e-06
-2	-2	-20	1.21041e-05	-0.000175124	0.000109769
-2	-2	-19	1.56271e-05	-0.00019669	0.000125352
-2	-2	-18	2.0563e-05	-0.000219926	0.000140839
-2	-2	-17	2.76083e-05	-0.000243533	0.000152711
-2	-2	-16	3.78032e-05	-0.000264612	0.000152607
-2	-2	-15	5.25616e-05	-0.000277225	0.000121047
-2	-2	-14	7.31986e-05	-0.000269941	1.22816e-05
-2	-2	-13	9.81606e-05	-0.000222367	-0.000283863
-2	-2	-12	0.000110686	-0.000103851	-0.0010431
-2	-2	-11	2.71324e-05	0.000105635	-0.00299055
-2	-2	-10	-0.000520187	0.000271173	-0.00815723
-2	-2	-9	-0.00313136	-0.000658547	-0.0227542
-2	-2	-8	-0.0150415	-0.00848661	-0.0690762
-2	-2	-7	-0.0657453	-0.0479914	-0.264651
-2	-2	-6	0.138346	0.1963	-1.11215
-2	-2	-5	0.964872	1.11269	-1.49373
-2	-2	-4	1.74158	1.98016	-1.06397
-2	-2	-3	1.95203	2.2387	-0.28787
-2	-2	-2	1.89917	2.2016	-0.0681188
-2	-2	-1	1.88186	2.18957	-0.0167881
-2	-2	0	1.87822	2.1872	0.00094411
-2	-2	1	1.88194	2.18964	0.0188722
-2	-2	2	1.89906	2.20149	0.0710315
-2	-2	3	1.94931	2.23598	0.292496
-2	-2	4	1.73758	1.97627	1.05553
-2	-2	5	0.967285	1.11565	1.48278
-2	-2	6	0.146076	0.203951	1.1023
-2	-2	7	-0.0628108	-0.0451846	0.270321
-2	-2	8	-0.01508	-0.0085779	0.0722123
-2	-2	9	-0.00348234	-0.00102428	0.0246355
-2	-2	10	-0.000849758	-5.67943e-05	0.00942662
-2	-2	11	-0.000233105	-0.000147084	0.00390658
-2	-2	12	-8.52707e-05	-0.000290966	0.00173076
-2	-2	13	-4.75928e-05	-0.000359768	0.000813716
-2	-2	14	-3.54069e-05	-0.000371267	0.000403996
-2	-2	15	-2.90266e-05	-0.000352685	0.000211269
-2	-2	16	-2.41688e-05	-0.000321501	0.00011639
-2	-2	17	-2.00393e-05	-0.000286984	6.77506e-05
-2	-2	18	-1.65256e-05	-0.000253549	4.18829e-05
-2	-2	19	-1.35911e-05	-0.000223039	2.76447e-05
-2	-2	20	-1.11784e-05	-0.000196019	1.95382e-05
-2	-1	-20	1.25762e-05	-0.000183448	8.88517e-05
-2	-1	-19	1.6037e-05	-0.000205591	0.00010279
-2	-1	-18	2.07866e-05	-0.00022833	0.000117992
-2	-1	-17	2.742e-05	-0.000248746	0.000132785
-2	-1	-16	3.68222e-05	-0.000260224	0.000142647
-2	-1	-15	5.02292e-05	-0.000248104	0.000136145
-2	-1	-14	6.90002e-05	-0.000179762	8.47046e-05
-2	-1	-13	9.29743e-05	1.90828e-05	-8.45328e-05
-2	-1	-12	0.000112774	0.000523865	-0.000564848
-2	-1	-11	7.71777e-05	0.00176954	-0.00189797
-2	-1	-10	-0.000239733	0.0049032	-0.00570906
-2	-1	-9	-0.00174048	0.0132168	-0.0172796
-2	-1	-8	-0.00725968	0.0376092	-0.0553603
-2	-1	-7	-0.01331	0.124628	-0.187265
-2	-1	-6	0.101675	0.454934	-0.498856
-2	-1	-5	0.484999	1.10748	-0.680337
-2	-1	-4	0.851055	1.74887	-0.486833
-2	-1	-3	0.965149	2.07817	-0.19318
-2	-1	-2	0.961826	2.1706	-0.055838
-2	-1	-1	0.95388	2.19335	-0.0140722
-2	-1	0	0.951729	2.19795	0.000955351
-2	-1	1	0.95383	2.1933	0.0160859
-2	-1	2	0.961347	2.17028	0.058103
-2	-1	3	0.962979	2.07707	0.194818
-2	-1	4	0.846765	1.74852	0.484007
-2	-1	5	0.482146	1.10989	0.67221
-2	-1	6	0.105114	0.458405	0.491365
-2	-1	7	-0.00962103	0.126355	0.188272
-2	-1	8	-0.00656215	0.0378559	0.0576711
-2	-1	9	-0.00187188	0.0131274	0.019055
-2	-1	10	-0.000512485	0.00476838	0.00700741
-2	-1	11	-0.000172836	0.00165262	0.00286165
-2	-1	12	-8.51085e-05	0.000433803	0.00129384
-2	-1	13	-5.69205e-05	-4.78718e-05	0.000645778
-2	-1	14	-4.33494e-05	-0.000229192	0.000354423
-2	-1	15	-3.42276e-05	-0.000284776	0.000212614
-2	-1	16	-2.72302e-05	-0.000287707	0.000138205
-2	-1	17	-2.17097e-05	-0.000269595	9.62897e-05
-2	-1	18	-1.73557e-05	-0.000244349	7.10582e-05
-2	-1	19	-1.39345e-05	-0.000218057	5.49132e-05
-2	-1	20	-1.12498e-05	-0.000193266	4.39993e-05
-2	0	-20	1.27765e-05	-0.000190181	6.69721e-05
-2	0	-19	1.6027e-05	-0.000213492	7.95852e-05
-2	0	-18	2.03407e-05	-0.00023731	9.55254e-05
-2	0	-17	2.61299e-05	-0.00025821	0.000115924
-2	0	-16	3.39743e-05	-0.000268272	0.000142379
-2	0	-15	4.46663e-05	-0.000249523	0.000177172
-2	0	-14	5.92077e-05	-0.000160755	0.000223605
-2	0	-13	7.85905e-05	9.53936e-05	0.000286487
-2	0	-12	0.000102815	0.000759662	0.000372876
-2	0	-11	0.000127369	0.00246319	0.000493025
-2	0	-10	0.000131222	0.00697882	0.000660596
-2	0	-9	3.56791e-05	0.0196708	0.000882038
-2	0	-8	-0.000428064	0.0578642	0.00104207
-2	0	-7	-0.00170553	0.177316	4.81146e-05
-2	0	-6	-0.000840769	0.508595	-0.0036879
-2	0	-5	0.00255248	1.1059	-0.00353857
-2	0	-4	0.00258318	1.69695	-0.000866502
-2	0	-3	0.00115224	2.02861	0.000619715
-2	0	-2	0.000346788	2.15077	0.000946634
-2	0	-1	9.51549e-05	2.18719	0.000947714
-2	0	0	3.88233e-05	2.19494	0.00094281
-2	0	1	-9.96451e-06	2.18718	0.000988533
-2	0	2	-0.000240709	2.1507	0.00102953
-2	0	3	-0.00101678	2.02844	0.0007275
-2	0	4	-0.00241844	1.69664	-0.000799927
-2	0	5	-0.00238829	1.10551	-0.00359557
-2	0	6	0.000958891	0.508293	-0.00385085
-2	0	7	0.00176819	0.177172	-0.000109844
-2	0	8	0.000457578	0.0578222	0.000944226
-2	0	9	-1.95866e-05	0.0196687	0.000833074
-2	0	10	-0.000120152	0.00698776	0.000637983
-2	0	11	-0.000118721	0.00247351	0.000482698
-2	0	12	-9.58025e-05	0.000768754	0.000368054
-2	0	13	-7.28691e-05	0.000102838	0.000284146
-2	0	14	-5.45357e-05	-0.000154786	0.00022241
-2	0	15	-4.08421e-05	-0.00024475	0.000176527
-2	0	16	-3.08294e-05	-0.000264435	0.000142006
-2	0	17	-2.35275e-05	-0.000255101	0.000115694
-2	0	18	-1.81718e-05	-0.000234767	9.53727e-05
-2	0	19	-1.42058e-05	-0.000211394	7.9477e-05
-2	0	20	-1.12357e-05	-0.000188432	6.68907e-05
-2	1	-20	1.27884e-05	-0.000195113	4.37692e-05
-2	1	-19	1.57585e-05	-0.000220283	5.46247e-05
-2	1	-18	1.95379e-05	-0.000247063	7.06996e-05
-2	1	-17	2.43463e-05	-0.000272945	9.58529e-05
-2	1	-16	3.04502e-05	-0.000291903	0.000137696
-2	1	-15	3.82072e-05	-0.00029012	0.000212082
-2	1	-14	4.8336e-05	-0.000236131	0.00035403
-2	1	-13	6.32777e-05	-5.70919e-05	0.000645981
-2	1	-12	9.34222e-05	0.000421227	0.00129588
-2	1	-11	0.000184225	0.00163504	0.00286888
-2	1	-10	0.00052969	0.00474379	0.00702907
-2	1	-9	0.00190351	0.013097	0.0191167
-2	1	-8	0.00663887	0.0378463	0.0578378
-2	1	-7	0.00983956	0.126508	0.188649
-2	1	-6	-0.104591	0.459039	0.491841
-2	1	-5	-0.481397	1.11088	0.672273
-2	1	-4	-0.846202	1.74916	0.48366
-2	1	-3	-0.96271	2.07728	0.194484
-2	1	-2	-0.961187	2.17029	0.057936
-2	1	-1	-0.953727	2.19327	0.0160211
-2	1	0	-0.951649	2.19792	0.000944144
-2	1	1	-0.953806	2.19331	-0.0140492
-2	1	2	-0.961745	2.17055	-0.0557998
-2	1	3	-0.965065	2.07808	-0.193157
-2	1	4	-0.850994	1.74873	-0.486853
-2	1	5	-0.484977	1.10731	-0.680395
-2	1	6	-0.10167	0.454779	-0.498931
-2	1	7	0.0133081	0.124533	-0.187328
-2	1	8	0.00726166	0.0375673	-0.0554047
-2	1	9	0.0017459	0.013205	-0.0173069
-2	1	10	0.000246522	0.00490426	-0.00572491
-2	1	11	-7.03871e-05	0.0017749	-0.00190712
-2	1	12	-0.000106632	0.000529986	-0.000570274
-2	1	13	-8.76875e-05	2.47285e-05	-8.78967e-05
-2	1	14	-6.45554e-05	-0.000174921	8.25169e-05
-2	1	15	-4.65279e-05	-0.000244068	0.000134656
-2	1	16	-3.37457e-05	-0.000256889	0.000141592
-2	1	17	-2.48563e-05	-0.000245992	0.000132013
-2	1	18	-1.86398e-05	-0.000226046	0.00011741
-2	1	19	-1.42285e-05	-0.000203687	0.000102342
-2	1	20	-1.10426e-05	-0.00018185	8.84991e-05
-2	2	-20	1.27098e-05	-0.000197847	1.899e-05
-2	2	-19	1.54129e-05	-0.000225245	2.69471e-05
-2	2	-18	1.87167e-05	-0.000256245	4.09891e-05
-2	2	-17	2.27079e-05	-0.000290329	6.65993e-05
-2	2	-16	2.74674e-05	-0.000325727	0.000114904
-2	2	-15	3.31775e-05	-0.000358151	0.000209355
-2	2	-14	4.07483e-05	-0.000378555	0.000401566
-2	2	-13	5.46699e-05	-0.000369897	0.000810761
-2	2	-12	9.50356e-05	-0.000305875	0.00172758
-2	2	-11	0.000247431	-0.000170816	0.0039046
-2	2	-10	0.000873092	-9.85812e-05	0.00943139
-2	2	-9	0.00352873	-0.00110674	0.0246687
-2	2	-8	0.0152119	-0.00875482	0.0723651
-2	2	-7	0.0633988	-0.0454918	0.270988
-2	2	-6	-0.143314	0.204698	1.10408
-2	2	-5	-0.962274	1.11813	1.48288
-2	2	-4	-1.73468	1.97568	1.05325
-2	2	-3	-1.94883	2.23553	0.292054
-2	2	-2	-1.89884	2.20131	0.0708496
-2	2	-1	-1.88182	2.18954	0.0188222
-2	2	0	-1.87813	2.18714	0.000939034
-2	2	1	-1.88179	2.18951	-0.0167671
-2	2	2	-1.89909	2.20155	-0.0680848
-2	2	3	-1.95191	2.23865	-0.287864
-2	2	4	-1.74151	1.9801	-1.06403
-2	2	5	-0.964888	1.11261	-1.49378
-2	2	6	-0.138372	0.19618	-1.11222
-2	2	7	0.0657185	-0.048069	-0.264652
-2	2	8	0.0150326	-0.00851352	-0.0690859
-2	2	9	0.0031328	-0.000666805	-0.022765
-2	2	10	0.000525461	0.000271266	-0.00816631
-2	2	11	-2.09842e-05	0.000109096	-0.00299752
-2	2	12	-0.000104861	-9.94162e-05	-0.00104826
-2	2	13	-9.30525e-05	-0.000217995	-0.000287652
-2	2	14	-6.88638e-05	-0.000266013	9.48439e-06
-2	2	15	-4.89316e-05	-0.000273835	0.000118958
-2	2	16	-3.47744e-05	-0.000261736	0.000151027
-2	2	17	-2.50772e-05	-0.000241108	0.000151498
-2	2	18	-1.84389e-05	-0.000217882	0.000139896
-2	2	19	-1.38345e-05	-0.000194963	0.00012461
-2	2	20	-1.05818e-05	-0.000173658	0.000109178
-2	3	-20	1.26177e-05	-0.000197672	-7.2663e-06
-2	3	-19	1.51255e-05	-0.000227002	-3.70919e-06
-2	3	-18	1.81157e-05	-0.000262126	5.30879e-06
-2	3	-17	2.16335e-05	-0.000304768	2.52833e-05
-2	3	-16	2.57489e-05	-0.000357851	6.72714e-05
-2	3	-15	3.0775e-05	-0.000427202	0.00015402
-2	3	-14	3.82163e-05	-0.000526319	0.000333568
-2	3	-13	5.4461e-05	-0.000690284	0.000710348
-2	3	-12	0.00010466	-0.00101805	0.00151807
-2	3	-11	0.000285092	-0.0018071	0.00329308
-2	3	-10	0.000967115	-0.00400835	0.00728101
-2	3	-9	0.00364947	-0.0109039	0.0162899
-2	3	-8	0.0151178	-0.0354154	0.0352456
-2	3	-7	0.0781333	-0.147655	0.043885
-2	3	-6	0.0962776	-0.142738	-0.124306
-2	3	-5	-0.843216	1.39641	-0.303325
-2	3	-4	-1.62524	2.62243	-0.319297
-2	3	-3	-1.45905	2.84818	0.017496
-2	3	-2	-1.38122	2.70891	0.0220523
-2	3	-1	-1.36503	2.67672	0.00752068
-2	3	0	-1.36145	2.66994	0.000867954
-2	3	1	-1.36486	2.67648	-0.00556889
-2	3	2	-1.38078	2.70832	-0.0191112
-2	3	3	-1.45591	2.84578	-0.0134856
-2	3	4	-1.58069	2.64196	0.321744
-2	3	5	-0.804089	1.42203	0.291965
-2	3	6	0.0887193	-0.109034	0.113659
-2	3	7	0.0744085	-0.14178	-0.0361292
-2	3	8	0.0140051	-0.0336479	-0.0322643
-2	3	9	0.00304308	-0.00995531	-0.0146306
-2	3	10	0.000573741	-0.00340384	-0.00618472
-2	3	11	1.33457e-05	-0.00139433	-0.00250252
-2	3	12	-8.87681e-05	-0.000726073	-0.000919697
-2	3	13	-8.59621e-05	-0.000478934	-0.000243859
-2	3	14	-6.54122e-05	-0.000370487	3.75435e-05
-2	3	15	-4.6867e-05	-0.00031041	0.000145821
-2	3	16	-3.32669e-05	-0.000268983	0.000178115
-2	3	17	-2.3844e-05	-0.000236179	0.000177798
-2	3	18	-1.73867e-05	-0.000208478	0.000164454
-2	3	19	-1.29293e-05	-0.000184515	0.00014692
-2	3	20	-9.80547e-06	-0.000163632	0.000129091
-1	-3	-20	4.72863e-06	-0.000163748	0.000132489
-1	-3	-19	7.75691e-06	-0.000184649	0.000151944
-1	-3	-18	1.31123e-05	-0.000208636	0.000172167
-1	-3	-17	2.28277e-05	-0.00023633	0.000190113
-1	-3	-16	4.09506e-05	-0.000268948	0.000198579
-1	-3	-15	7.58013e-05	-0.000309517	0.000181166
-1	-3	-14	0.000145076	-0.000366532	0.000100756
-1	-3	-13	0.000287757	-0.000465109	-0.000127775
-1	-3	-12	0.00059275	-0.00068192	-0.000704698
-1	-3	-11	0.00126925	-0.00125939	-0.00211791
-1	-3	-10	0.00282028	-0.0030026	-0.00560766
-1	-3	-9	0.0064521	-0.00879438	-0.0144988
-1	-3	-8	0.0148303	-0.0304507	-0.0385337
-1	-3	-7	0.0313641	-0.134177	-0.118092
-1	-3	-6	0.275591	-0.437531	-1.00454
-1	-3	-5	1.48037	0.663028	-1.65088
-1	-3	-4	2.57425	1.52753	-0.891843
-1	-3	-3	2.92737	1.45424	-0.154996
-1	-3	-2	2.93961	1.32584	-0.0351862
-1	-3	-1	2.94132	1.29436	-0.00890705
-1	-3	0	2.94159	1.28797	0.00091586
-1	-3	1	2.94138	1.29455	0.0109288
-1	-3	2	2.93955	1.32609	0.0379584
-1	-3	3	2.92452	1.45346	0.160619
-1	-3	4	2.57244	1.52758	0.888944
-1	-3	5	1.49339	0.654424	1.63793
-1	-3	6	0.272298	-0.439747	0.987769
-1	-3	7	0.0312976	-0.132277	0.129019
-1	-3	8	0.0145193	-0.0311898	0.042017
-1	-3	9	0.00621382	-0.00948703	0.0163661
-1	-3	10	0.0026407	-0.0035299	0.00682906
-1	-3	11	0.00113574	-0.00164585	0.00299346
-1	-3	12	0.000494097	-0.000963112	0.00136294
-1	-3	13	0.000214738	-0.000670526	0.000636999
-1	-3	14	9.06509e-05	-0.000518003	0.000301145
-1	-3	15	3.48228e-05	-0.000422554	0.000141075
-1	-3	16	9.73512e-06	-0.000354413	6.32837e-05
-1	-3	17	-1.24168e-06	-0.000301816	2.52292e-05
-1	-3	18	-5.67244e-06	-0.000259472	6.83056e-06
-1	-3	19	-7.07519e-06	-0.000224606	-1.69472e-06
-1	-3	20	-7.11259e-06	-0.000195526	-5.23685e-06
-1	-2	-20	5.92302e-06	-0.000174378	0.000112455
-1	-2	-19	8.88843e-06	-0.000196077	0.0001294
-1	-2	-18	1.3942e-05	-0.000219704	0.000147178
-1	-2	-17	2.28989e-05	-0.000244211	0.000163055
-1	-2	-16	3.94434e-05	-0.000267174	0.000170232
-1	-2	-15	7.13778e-05	-0.000283531	0.000152441
-1	-2	-14	0.000136003	-0.000283391	7.07179e-05
-1	-2	-13	0.000273657	-0.000248699	-0.000170543
-1	-2	-12	0.000583694	-0.00015061	-0.000815897
-1	-2	-11	0.00132607	3.96377e-05	-0.00252711
-1	-2	-10	0.00323027	0.000265429	-0.00722453
-1	-2	-9	0.00854546	1.63473e-06	-0.0209679
-1	-2	-8	0.0254396	-0.00255708	-0.0647834
-1	-2	-7	0.0933231	0.000721106	-0.213155
-1	-2	-6	0.379652	0.155859	-0.562711
-1	-2	-5	0.957493	0.633507	-0.768965
-1	-2	-4	1.51962	1.09752	-0.557171
-1	-2	-3	1.79737	1.26133	-0.22589
-1	-2	-2	1.86587	1.27227	-0.0681104
-1	-2	-1	1.8795	1.2683	-0.0181146
-1	-2	0	1.88181	1.26705	0.000959619
-1	-2	1	1.87946	1.26824	0.0201285
-1	-2	2	1.86553	1.27182	0.0703331
-1	-2	3	1.79619	1.25934	0.227482
-1	-2	4	1.51928	1.09354	0.55429
-1	-2	5	0.960112	0.631179	0.760962
-1	-2	6	0.383358	0.159295	0.555406
-1	-2	7	0.0952221	0.00429911	0.214097
-1	-2	8	0.0257664	-0.00190238	0.0670305
-1	-2	9	0.00847984	-0.000139052	0.0227121
-1	-2	10	0.00309506	-3.25891e-06	0.00851067
-1	-2	11	0.00120066	-0.000201834	0.00348722
-1	-2	12	0.000483547	-0.000339242	0.00154476
-1	-2	13	0.000197326	-0.000390087	0.000732828
-1	-2	14	7.85427e-05	-0.00038841	0.000369707
-1	-2	15	2.80481e-05	-0.00036185	0.000197539
-1	-2	16	6.50653e-06	-0.000326149	0.000111666
-1	-2	17	-2.40711e-06	-0.000289155	6.68829e-05
-1	-2	18	-5.72834e-06	-0.000254392	4.25709e-05
-1	-2	19	-6.58093e-06	-0.000223189	2.88659e-05
-1	-2	20	-6.38058e-06	-0.000195825	2.08493e-05
-1	-1	-20	6.68034e-06	-0.000183057	9.13837e-05
-1	-1	-19	9.19081e-06	-0.000205596	0.000106419
-1	-1	-18	1.31612e-05	-0.000229226	0.000123379
-1	-1	-17	1.97514e-05	-0.000251535	0.00014111
-1	-1	-16	3.12861e-05	-0.000266939	0.00015611
-1	-1	-15	5.26772e-05	-0.00026296	0.00015905
-1	-1	-14	9.49146e-05	-0.000211668	0.000125858
-1	-1	-13	0.000184177	-4.91254e-05	-6.27604e-06
-1	-1	-12	0.000387276	0.00037698	-0.000407365
-1	-1	-11	0.000888391	0.00145001	-0.00156245
-1	-1	-10	0.00224238	0.00420589	-0.00493773
-1	-1	-9	0.00630867	0.0117072	-0.0151464
-1	-1	-8	0.0200906	0.0339979	-0.0461221
-1	-1	-7	0.0703809	0.104876	-0.127868
-1	-1	-6	0.221616	0.299459	-0.261368
-1	-1	-5	0.484709	0.631591	-0.334372
-1	-1	-4	0.740737	0.960686	-0.262637
-1	-1	-3	0.885347	1.15591	-0.131748
-1	-1	-2	0.93458	1.23044	-0.0478675
-1	-1	-1	0.946889	1.25298	-0.0135927
-1	-1	0	0.949096	1.25783	0.000927353
-1	-1	1	0.946783	1.25286	0.0154214
-1	-1	2	0.934168	1.23	0.0494254
-1	-1	3	0.884363	1.15487	0.132022
-1	-1	4	0.739669	0.959481	0.259946
-1	-1	5	0.484786	0.631438	0.328981
-1	-1	6	0.223156	0.300738	0.256723
-1	-1	7	0.0718869	0.106196	0.126927
-1	-1	8	0.0206774	0.0344936	0.0472245
-1	-1	9	0.00637828	0.0117469	0.016575
-1	-1	10	0.00215144	0.00411242	0.00618067
-1	-1	11	0.000773917	0.00134277	0.00254878
-1	-1	12	0.000287993	0.000287258	0.00117219
-1	-1	13	0.000106261	-0.000117878	0.00059926
-1	-1	14	3.56546e-05	-0.000262978	0.000337897
-1	-1	15	7.87303e-06	-0.00030113	0.000208005
-1	-1	16	-2.75017e-06	-0.000295522	0.00013817
-1	-1	17	-6.34816e-06	-0.000273169	9.78338e-05
-1	-1	18	-7.07712e-06	-0.000245804	7.29777e-05
-1	-1	19	-6.68596e-06	-0.000218459	5.67492e-05
-1	-1	20	-5.91763e-06	-0.00019316	4.56019e-05
-1	0	-20	7.13599e-06	-0.000189956	6.92018e-05
-1	0	-19	8.94151e-06	-0.000213787	8.25244e-05
-1	0	-18	1.13329e-05	-0.000238721	9.94436e-05
-1	0	-17	1.45317e-05	-0.000261942	0.0001212
-1	0	-16	1.88402e-05	-0.00027679	0.00014953
-1	0	-15	2.46453e-05	-0.000267999	0.000186864
-1	0	-14	3.23564e-05	-0.000200353	0.000236533
-1	0	-13	4.2111e-05	9.76034e-06	0.000302837
-1	0	-12	5.27307e-05	0.000570303	0.000390394
-1	0	-11	5.84219e-05	0.00203041	0.000500772
-1	0	-10	3.93867e-05	0.00593875	0.000620126
-1	0	-9	-5.87665e-05	0.0169021	0.000679337
-1	0	-8	-0.000328865	0.0485555	0.000451452
-1	0	-7	-0.000677662	0.134907	-0.000508601
-1	0	-6	-0.000525798	0.323567	-0.00200018
-1	0	-5	0.000265447	0.616002	-0.002287
-1	0	-4	0.000673033	0.912594	-0.00127031
-1	0	-3	0.000526081	1.10797	-7.15608e-05
-1	0	-2	0.000259763	1.19765	0.000593874
-1	0	-1	0.000101743	1.22944	0.000828741
-1	0	0	3.14591e-05	1.2368	0.00089421
-1	0	1	-3.56414e-05	1.2294	0.000879025
-1	0	2	-0.000195788	1.19755	0.000683027
-1	0	3	-0.000499864	1.10774	2.35049e-05
-1	0	4	-0.000729234	0.912186	-0.00123409
-1	0	5	-0.000391904	0.615501	-0.00237736
-1	0	6	0.000399482	0.323183	-0.00218109
-1	0	7	0.000602327	0.134718	-0.000668137
-1	0	8	0.000298776	0.0484919	0.000357093
-1	0	9	5.24519e-05	0.0168902	0.000632776
-1	0	10	-3.62158e-05	0.00594309	0.000597894
-1	0	11	-5.24538e-05	0.00203851	0.000489679
-1	0	12	-4.65739e-05	0.000578294	0.000384427
-1	0	13	-3.66183e-05	1.66488e-05	0.000299357
-1	0	14	-2.77056e-05	-0.000194671	0.000234344
-1	0	15	-2.07815e-05	-0.000263375	0.000185399
-1	0	16	-1.56452e-05	-0.000273031	0.000148497
-1	0	17	-1.18842e-05	-0.000258873	0.000120441
-1	0	18	-9.12744e-06	-0.000236199	9.88682e-05
-1	0	19	-7.09185e-06	-0.000211697	8.20769e-05
-1	0	20	-5.57345e-06	-0.000188211	6.88466e-05
-1	1	-20	7.49598e-06	-0.000194954	4.56614e-05
-1	1	-19	8.56234e-06	-0.000220617	5.68232e-05
-1	1	-18	9.32805e-06	-0.000248425	7.30776e-05
-1	1	-17	9.07392e-06	-0.000276386	9.79832e-05
-1	1	-16	6.08224e-06	-0.000299515	0.000138419
-1	1	-15	-3.76391e-06	-0.000306145	0.000208463
-1	1	-14	-3.05536e-05	-0.000269353	0.000338809
-1	1	-13	-9.99221e-05	-0.000126073	0.000601198
-1	1	-12	-0.000280211	0.000276637	0.00117655
-1	1	-11	-0.000764807	0.00132908	0.00255919
-1	1	-10	-0.0021424	0.00409589	0.00620703
-1	1	-9	-0.00637519	0.0117342	0.0166457
-1	1	-8	-0.0207005	0.0345299	0.0474177
-1	1	-7	-0.0719942	0.106494	0.127381
-1	1	-6	-0.223432	0.30175	0.257323
-1	1	-5	-0.485132	0.632964	0.32909
-1	1	-4	-0.739828	0.960529	0.259519
-1	1	-3	-0.88432	1.15523	0.131631
-1	1	-2	-0.934067	1.23007	0.0492163
-1	1	-1	-0.946697	1.25285	0.0153264
-1	1	0	-0.949031	1.2578	0.000902248
-1	1	1	-0.946833	1.25293	-0.0135713
-1	1	2	-0.93453	1.23038	-0.0478287
-1	1	3	-0.885328	1.15584	-0.131754
-1	1	4	-0.740797	0.960533	-0.26272
-1	1	5	-0.484839	0.631364	-0.334466
-1	1	6	-0.221741	0.299261	-0.261432
-1	1	7	-0.0704572	0.10476	-0.127909
-1	1	8	-0.0201234	0.0339485	-0.0461505
-1	1	9	-0.00631758	0.0116929	-0.0151662
-1	1	10	-0.00224107	0.00420606	-0.00495109
-1	1	11	-0.000883609	0.00145503	-0.00157143
-1	1	12	-0.000381839	0.000382986	-0.0004135
-1	1	13	-0.000179117	-4.34972e-05	-1.05679e-05
-1	1	14	-9.05252e-05	-0.000206799	0.00012278
-1	1	15	-4.89739e-05	-0.000258874	0.000156791
-1	1	16	-2.81914e-05	-0.000263546	0.000154417
-1	1	17	-1.71679e-05	-0.000248721	0.000139818
-1	1	18	-1.09974e-05	-0.000226887	0.000122377
-1	1	19	-7.36872e-06	-0.00020364	0.00010563
-1	1	20	-5.13636e-06	-0.000181411	9.07545e-05
-1	2	-20	7.97051e-06	-0.000197612	2.06054e-05
-1	2	-19	8.48059e-06	-0.000225342	2.85531e-05
-1	2	-18	8.02385e-06	-0.000257013	4.21714e-05
-1	2	-17	5.21673e-06	-0.000292388	6.63779e-05
-1	2	-16	-3.01677e-06	-0.000330197	0.000111042
-1	2	-15	-2.36392e-05	-0.000367012	0.000196807
-1	2	-14	-7.28609e-05	-0.000395152	0.000368951
-1	2	-13	-0.000189833	-0.000399183	0.000732337
-1	2	-12	-0.000473403	-0.000352104	0.00154541
-1	2	-11	-0.00118658	-0.000221328	0.00349161
-1	2	-10	-0.00307534	-3.58083e-05	0.00852732
-1	2	-9	-0.00845404	-0.000199408	0.0227735
-1	2	-8	-0.0257467	-0.0020082	0.06729
-1	2	-7	-0.0953258	0.00446486	0.215334
-1	2	-6	-0.384484	0.162845	0.558355
-1	2	-5	-0.962325	0.637935	0.761078
-1	2	-4	-1.52033	1.09723	0.551654
-1	2	-3	-1.7961	1.25972	0.226216
-1	2	-2	-1.86538	1.27171	0.0700071
-1	2	-1	-1.87936	1.26815	0.0200241
-1	2	0	-1.88174	1.26698	0.000932003
-1	2	1	-1.87945	1.26824	-0.0180894
-1	2	2	-1.86578	1.27225	-0.0680205
-1	2	3	-1.7972	1.2615	-0.225858
-1	2	4	-1.51958	1.09762	-0.5574
-1	2	5	-0.957656	0.633432	-0.769109
-1	2	6	-0.37981	0.155773	-0.562726
-1	2	7	-0.0934044	0.000674426	-0.213136
-1	2	8	-0.025469	-0.00257623	-0.0647764
-1	2	9	-0.00855152	-3.19026e-06	-0.020971
-1	2	10	-0.00322765	0.000267186	-0.00723128
-1	2	11	-0.00132086	4.38928e-05	-0.00253404
-1	2	12	-0.000578193	-0.000145791	-0.00082182
-1	2	13	-0.000268655	-0.000244127	-0.000175277
-1	2	14	-0.000131698	-0.000279346	6.70285e-05
-1	2	15	-6.77529e-05	-0.00028006	0.000149584
-1	2	16	-3.64125e-05	-0.000264235	0.000168015
-1	2	17	-2.03645e-05	-0.000241734	0.000161323
-1	2	18	-1.18153e-05	-0.000217614	0.000145814
-1	2	19	-7.09424e-06	-0.000194309	0.000128316
-1	2	20	-4.39998e-06	-0.000172875	0.000111585
-1	3	-20	8.71446e-06	-0.000197226	-5.77084e-06
-1	3	-19	8.99961e-06	-0.00022665	-2.381e-06
-1	3	-18	8.01616e-06	-0.000261959	5.94174e-06
-1	3	-17	4.14284e-06	-0.000304885	2.40692e-05
-1	3	-16	-6.07236e-06	-0.000358267	6.17587e-05
-1	3	-15	-3.0084e-05	-0.0004275	0.000139056
-1	3	-14	-8.43277e-05	-0.000524546	0.000298454
-1	3	-13	-0.000205961	-0.000679562	0.000633386
-1	3	-12	-0.000481278	-0.000976402	0.00135804
-1	3	-11	-0.00111578	-0.00166733	0.00298675
-1	3	-10	-0.00260704	-0.00356981	0.00681985
-1	3	-9	-0.00615097	-0.00957833	0.0163557
-1	3	-8	-0.0143793	-0.0314788	0.0420391
-1	3	-7	-0.030782	-0.133939	0.129736
-1	3	-6	-0.292374	-0.407368	1.01064
-1	3	-5	-1.51433	0.681001	1.6398
-1	3	-4	-2.58605	1.53639	0.878998
-1	3	-3	-2.92437	1.45095	0.158418
-1	3	-2	-2.93931	1.32569	0.0378572
-1	3	-1	-2.94127	1.2944	0.0108971
-1	3	0	-2.94153	1.28787	0.000907575
-1	3	1	-2.94127	1.29426	-0.00888589
-1	3	2	-2.93948	1.32565	-0.0350386
-1	3	3	-2.92581	1.45448	-0.154178
-1	3	4	-2.57355	1.5276	-0.892707
-1	3	5	-1.48034	0.663611	-1.65092
-1	3	6	-0.275617	-0.437457	-1.0046
-1	3	7	-0.0313986	-0.134157	-0.118051
-1	3	8	-0.0148391	-0.0304405	-0.0385153
-1	3	9	-0.006449	-0.00878861	-0.0144963
-1	3	10	-0.0028137	-0.00299801	-0.0056117
-1	3	11	-0.00126237	-0.00125513	-0.00212379
-1	3	12	-0.000586571	-0.000677914	-0.000710445
-1	3	13	-0.000282498	-0.00046145	-0.000132735
-1	3	14	-0.00014069	-0.000363277	9.6689e-05
-1	3	15	-7.21665e-05	-0.000306671	0.000177903
-1	3	16	-3.79358e-05	-0.000266486	0.00019598
-1	3	17	-2.03167e-05	-0.00023421	0.000188043
-1	3	18	-1.10088e-05	-0.000206814	0.000170512
-1	3	19	-5.98311e-06	-0.000183081	0.000150614
-1	3	20	-3.22264e-06	-0.000162396	0.000131413
0	-3	-20	-2.61361e-06	-0.00016204	0.000134308
0	-3	-19	-5.20141e-07	-0.000182806	0.000155593
0	-3	-18	4.3186e-06	-0.000206734	0.000179378
0	-3	-17	1.47512e-05	-0.000234461	0.000204384
0	-3	-16	3.67149e-05	-0.000267083	0.000227176
0	-3	-15	8.29458e-05	-0.000306925	0.000239698
0	-3	-14	0.000181715	-0.000359664	0.000224015
0	-3	-13	0.000398283	-0.000440244	0.000140985
0	-3	-12	0.00089003	-0.00058952	-9.45397e-05
0	-3	-11	0.00205514	-0.000922478	-0.000669032
0	-3	-10	0.00495463	-0.00177473	-0.00199704
0	-3	-9	0.0125816	-0.00418847	-0.00503186
0	-3	-8	0.0340054	-0.0118395	-0.012232
0	-3	-7	0.100941	-0.0418248	-0.0345488
0	-3	-6	0.388448	-0.0913797	-0.212429
0	-3	-5	1.48062	0.149287	-0.377575
0	-3	-4	2.4359	0.400942	-0.241449
0	-3	-3	2.74106	0.3907	-0.0615308
0	-3	-2	2.80345	0.359786	-0.0173805
0	-3	-1	2.818	0.347999	-0.00485813
0	-3	0	2.8206	0.345196	0.000929301
0	-3	1	2.818	0.34814	0.00688035
0	-3	2	2.80345	0.359818	0.0198331
0	-3	3	2.7411	0.392152	0.0636916
0	-3	4	2.43617	0.390363	0.250482
0	-3	5	1.48153	0.129668	0.365348
0	-3	6	0.38886	-0.0842849	0.179024
0	-3	7	0.101016	-0.0370882	0.0437995
0	-3	8	0.0340114	-0.0122022	0.0157029
0	-3	9	0.0125762	-0.004797	0.00692316
0	-3	10	0.00494828	-0.00228196	0.00324281
0	-3	11	0.00204965	-0.00130592	0.00156471
0	-3	12	0.000885582	-0.000872077	0.000768165
0	-3	13	0.000394746	-0.000647756	0.000379603
0	-3	14	0.000178916	-0.000512983	0.000186173
0	-3	15	8.07295e-05	-0.000421388	8.85786e-05
0	-3	16	3.49558e-05	-0.000353599	3.91052e-05
0	-3	17	1.335e-05	-0.000300708	1.42222e-05
0	-3	18	3.19808e-06	-0.000258119	2.05576e-06
0	-3	19	-1.41984e-06	-0.000223163	-3.50402e-06
0	-3	20	-3.33882e-06	-0.00019411	-5.65089e-06
0	-2	-20	-9.30238e-07	-0.000173157	0.000114242
0	-2	-19	9.94175e-07	-0.000195226	0.000132781
0	-2	-18	5.25021e-06	-0.000219814	0.000153658
0	-2	-17	1.43112e-05	-0.000246472	0.00017573
0	-2	-16	3.34723e-05	-0.00027396	0.000195714
0	-2	-15	7.44915e-05	-0.000299577	0.000205461
0	-2	-14	0.000164637	-0.000318096	0.000185714
0	-2	-13	0.000370421	-0.000320372	9.14399e-05
0	-2	-12	0.000863729	-0.000292698	-0.000183896
0	-2	-11	0.00211842	-0.000221908	-0.000899074
0	-2	-10	0.00553556	-0.000123211	-0.0027079
0	-2	-9	0.0155614	-0.000124405	-0.00735408
0	-2	-8	0.0471349	-0.000428042	-0.0198192
0	-2	-7	0.149576	0.00235515	-0.0543435
0	-2	-6	0.438311	0.0400762	-0.127806
0	-2	-5	0.954638	0.152153	-0.179229
0	-2	-4	1.4609	0.268512	-0.138955
0	-2	-3	1.74317	0.317082	-0.0669046
0	-2	-2	1.84386	0.325562	-0.0257291
0	-2	-1	1.87203	0.326083	-0.00805713
0	-2	0	1.87765	0.325988	0.000953525
0	-2	1	1.87203	0.32599	0.0100118
0	-2	2	1.84389	0.325084	0.0276869
0	-2	3	1.74332	0.315415	0.0683139
0	-2	4	1.46137	0.264079	0.137609
0	-2	5	0.95532	0.147705	0.172271
0	-2	6	0.43874	0.0419391	0.120209
0	-2	7	0.149722	0.00578365	0.0540251
0	-2	8	0.0471736	0.000452944	0.0216439
0	-2	9	0.0155692	-0.000170841	0.00899965
0	-2	10	0.00553455	-0.000362707	0.0039821
0	-2	11	0.00211509	-0.000456179	0.00186878
0	-2	12	0.000860126	-0.000480709	0.000925464
0	-2	13	0.000367184	-0.000462779	0.000481841
0	-2	14	0.000161915	-0.000424307	0.000263234
0	-2	15	7.22676e-05	-0.00037889	0.000150881
0	-2	16	3.1677e-05	-0.000333687	9.08836e-05
0	-2	17	1.28685e-05	-0.000291966	5.76858e-05
0	-2	18	4.09139e-06	-0.0002549	3.86831e-05
0	-2	19	6.20199e-08	-0.000222626	2.74353e-05
0	-2	20	-1.6819e-06	-0.000194815	2.05457e-05
0	-1	-20	2.6475e-07	-0.000182242	9.28342e-05
0	-1	-19	1.50073e-06	-0.000205547	0.000108907
0	-1	-18	4.10132e-06	-0.000230949	0.000127823
0	-1	-17	9.51706e-06	-0.000257128	0.000149392
0	-1	-16	2.0898e-05	-0.000280849	0.000172273
0	-1	-15	4.53759e-05	-0.000294873	0.000192218
0	-1	-14	9.99102e-05	-0.000283478	0.000197837
0	-1	-13	0.000227189	-0.000212611	0.000160034
0	-1	-12	0.000541799	-7.42579e-06	4.9308e-06
0	-1	-11	0.00137348	0.000501299	-0.000457644
0	-1	-10	0.00373765	0.00171275	-0.00172517
0	-1	-9	0.0109123	0.00462833	-0.00508844
0	-1	-8	0.0332668	0.0119636	-0.0135694
0	-1	-7	0.0976542	0.0313736	-0.0313732
0	-1	-6	0.240515	0.0879781	-0.0530879
0	-1	-5	0.464036	0.176335	-0.0749738
0	-1	-4	0.689971	0.255202	-0.0640106
0	-1	-3	0.835505	0.306107	-0.0371927
0	-1	-2	0.899117	0.329912	-0.0165229
0	-1	-1	0.919851	0.339061	-0.00539875
0	-1	0	0.924284	0.34135	0.000904863
0	-1	1	0.919851	0.338914	0.00713908
0	-1	2	0.89914	0.329438	0.0178763
0	-1	3	0.835615	0.305025	0.0373139
0	-1	4	0.690236	0.253614	0.0617218
0	-1	5	0.464432	0.175488	0.0703927
0	-1	6	0.240886	0.0886413	0.048598
0	-1	7	0.097766	0.0324219	0.0300424
0	-1	8	0.0333169	0.0125052	0.0142732
0	-1	9	0.0109289	0.00471547	0.00635351
0	-1	10	0.00374066	0.00163777	0.0029263
0	-1	11	0.00137168	0.000399099	0.00144349
0	-1	12	0.000538699	-9.65432e-05	0.000769725
0	-1	13	0.000224061	-0.000281912	0.000443368
0	-1	14	9.7162e-05	-0.000335483	0.000274505
0	-1	15	4.3088e-05	-0.000333627	0.000181394
0	-1	16	1.9037e-05	-0.000309871	0.000126891
0	-1	17	8.01772e-06	-0.000279081	9.31725e-05
0	-1	18	2.897e-06	-0.000247755	7.12304e-05
0	-1	19	5.33086e-07	-0.000218574	5.62862e-05
0	-1	20	-5.14229e-07	-0.000192464	4.56879e-05
0	0	-20	1.17053e-06	-0.000189327	7.01188e-05
0	0	-19	1.40926e-06	-0.000214082	8.37232e-05
0	0	-18	1.70659e-06	-0.00024111	0.000101027
0	0	-17	2.07607e-06	-0.000268878	0.000123307
0	0	-16	2.53008e-06	-0.000293541	0.000152343
0	0	-15	3.07136e-06	-0.000306244	0.00019059
0	0	-14	3.66936e-06	-0.000287139	0.000241311
0	0	-13	4.19635e-06	-0.000191594	0.000308398
0	0	-12	4.25624e-06	8.28121e-05	0.000394955
0	0	-11	2.7288e-06	0.000778405	0.000497786
0	0	-10	-3.39979e-06	0.00248697	0.00059004
0	0	-9	-2.15977e-05	0.00667425	0.000577775
0	0	-8	-6.58859e-05	0.0168007	0.000245631
0	0	-7	-0.000134823	0.0391512	-0.000562896
0	0	-6	0.00111506	0.178748	-0.00216132
0	0	-5	-0.000194602	0.351509	-0.00190834
0	0	-4	-0.000188957	0.421472	-0.00113234
0	0	-3	-3.88053e-05	0.47123	-0.000115536
0	0	-2	2.84532e-05	0.498583	0.000501806
0	0	-1	2.84419e-05	0.510515	0.000771136
0	0	0	1.73288e-05	0.51371	0.000859775
0	0	1	1.03897e-05	0.510461	0.000824863
0	0	2	6.90289e-06	0.498446	0.000565722
0	0	3	4.74926e-06	0.470986	-0.000124472
0	0	4	-8.85836e-06	0.421139	-0.00124028
0	0	5	-0.0001276	0.351096	-0.00203939
0	0	6	-0.00135624	0.178403	-0.0022688
0	0	7	-3.11693e-05	0.0390222	-0.000629513
0	0	8	-3.39098e-06	0.0167507	0.000206731
0	0	9	3.46773e-07	0.00666228	0.000554576
0	0	10	8.99199e-07	0.00248929	0.000575748
0	0	11	9.38546e-07	0.000784929	0.000488601
0	0	12	8.71315e-07	8.98269e-05	0.000388812
0	0	13	7.84238e-07	-0.000185281	0.000304142
0	0	14	6.99587e-07	-0.000281794	0.000238272
0	0	15	6.23157e-07	-0.000301821	0.000188362
0	0	16	5.55885e-07	-0.000289904	0.000150673
0	0	17	4.97203e-07	-0.000265886	0.00012203
0	0	18	4.46131e-07	-0.000238636	0.000100034
0	0	19	4.01646e-07	-0.000212023	8.29391e-05
0	0	20	3.62812e-07	-0.000187602	6.94911e-05
0	1	-20	2.07605e-06	-0.000194245	4.60304e-05
0	1	-19	1.32043e-06	-0.000220707	5.67138e-05
0	1	-18	-6.79196e-07	-0.000250332	7.17761e-05
0	1	-17	-5.34269e-06	-0.000282218	9.38876e-05
0	1	-16	-1.57877e-05	-0.000313719	0.00012786
0	1	-15	-3.9124e-05	-0.000338374	0.000182765
0	1	-14	-9.23353e-05	-0.00034135	0.000276549
0	1	-13	-0.000218283	-0.000289124	0.000446613
0	1	-12	-0.000532165	-0.000105216	0.000775266
0	1	-11	-0.00136561	0.000389285	0.00145372
0	1	-10	-0.00373978	0.0016285	0.00294664
0	1	-9	-0.0109502	0.00471235	0.00639622
0	1	-8	-0.0334185	0.0125247	0.014363
0	1	-7	-0.0981079	0.0325085	0.0302057
0	1	-6	-0.241668	0.0889686	0.0488347
0	1	-5	-0.465424	0.175825	0.0705955
0	1	-4	-0.690806	0.253949	0.061784
0	1	-3	-0.835647	0.305273	0.0372064
0	1	-2	-0.899034	0.32955	0.0176917
0	1	-1	-0.919784	0.33893	0.00701506
0	1	0	-0.924247	0.341322	0.00086263
0	1	1	-0.91983	0.339009	-0.00538883
0	1	2	-0.899126	0.32985	-0.0165163
0	1	3	-0.835604	0.306026	-0.0372907
0	1	4	-0.690227	0.254996	-0.0642174
0	1	5	-0.464387	0.176006	-0.0750913
0	1	6	-0.240789	0.0877248	-0.0530737
0	1	7	-0.0977925	0.0312524	-0.0313305
0	1	8	-0.0333198	0.01192	-0.0135516
0	1	9	-0.0109277	0.00461779	-0.00508842
0	1	10	-0.00373876	0.00171431	-0.00173137
0	1	11	-0.00136978	0.000506604	-0.000464669
0	1	12	-0.000536951	-1.5043e-06	-1.18733e-06
0	1	13	-0.000222492	-0.000207147	0.000155134
0	1	14	-9.57638e-05	-0.000278762	0.000194026
0	1	15	-4.18432e-05	-0.000290909	0.000189275
0	1	16	-1.79268e-05	-0.000277547	0.000169994
0	1	17	-7.02484e-06	-0.000254381	0.000147616
0	1	18	-2.00613e-06	-0.000228658	0.000126424
0	1	19	2.68971e-07	-0.000203626	0.000107796
0	1	20	1.23876e-06	-0.000180622	9.19424e-05
0	2	-20	3.27435e-06	-0.00019661	2.05922e-05
0	2	-19	1.83958e-06	-0.000224778	2.74912e-05
0	2	-18	-1.79647e-06	-0.000257503	3.87583e-05
0	2	-17	-1.00665e-05	-0.000295145	5.78021e-05
0	2	-16	-2.82127e-05	-0.000337609	9.1088e-05
0	2	-15	-6.79266e-05	-0.000383783	0.000151274
0	2	-14	-0.000156402	-0.000430485	0.000264037
0	2	-13	-0.000360102	-0.000470684	0.000483545
0	2	-12	-0.000851007	-0.000490989	0.000929185
0	2	-11	-0.0021037	-0.000469852	0.00187712
0	2	-10	-0.00552272	-0.000381515	0.00400125
0	2	-9	-0.0155712	-0.000197896	0.00904458
0	2	-8	-0.0472803	0.000413547	0.0217499
0	2	-7	-0.150469	0.00574136	0.0542629
0	2	-6	-0.441726	0.0419807	0.1206
0	2	-5	-0.959904	0.147882	0.172519
0	2	-4	-1.46403	0.264143	0.137569
0	2	-3	-1.74368	0.315358	0.0681028
0	2	-2	-1.84375	0.325	0.0274226
0	2	-1	-1.87195	0.325916	0.00986062
0	2	0	-1.87761	0.325927	0.000899981
0	2	1	-1.87201	0.326031	-0.00804326
0	2	2	-1.84388	0.325601	-0.0256279
0	2	3	-1.74331	0.317513	-0.0669266
0	2	4	-1.46136	0.268757	-0.139504
0	2	5	-0.95531	0.151924	-0.179421
0	2	6	-0.438734	0.0399237	-0.12764
0	2	7	-0.149722	0.00231977	-0.0542073
0	2	8	-0.047173	-0.000431063	-0.0197669
0	2	9	-0.0155675	-0.000120519	-0.00734217
0	2	10	-0.00553247	-0.000117649	-0.00271026
0	2	11	-0.00211309	-0.000216172	-0.000905247
0	2	12	-0.000858312	-0.000287383	-0.000190259
0	2	13	-0.000365571	-0.000315695	8.5948e-05
0	2	14	-0.000160488	-0.000314088	0.000181258
0	2	15	-7.10035e-05	-0.000296186	0.000201928
0	2	16	-3.05542e-05	-0.000271106	0.00019293
0	2	17	-1.18674e-05	-0.00024407	0.000173533
0	2	18	-3.19523e-06	-0.000217788	0.000151915
0	2	19	7.43391e-07	-0.00019351	0.000131389
0	2	20	2.4085e-06	-0.000171697	0.000113121
0	3	-20	4.95287e-06	-0.000195854	-5.89302e-06
0	3	-19	3.35893e-06	-0.000225248	-3.8122e-06
0	3	-18	-8.37832e-07	-0.000260637	1.6669e-06
0	3	-17	-1.04329e-05	-0.000303782	1.37396e-05
0	3	-16	-3.1284e-05	-0.0003574	3.85251e-05
0	3	-15	-7.60047e-05	-0.000426158	8.79252e-05
0	3	-14	-0.000172667	-0.000519087	0.000185542
0	3	-13	-0.000386189	-0.000655776	0.000379265
0	3	-12	-0.000873336	-0.00088302	0.0007688
0	3	-11	-0.00203114	-0.00132172	0.00156795
0	3	-10	-0.00491861	-0.00230669	0.00325251
0	3	-9	-0.0125276	-0.00484015	0.00694834
0	3	-8	-0.0339545	-0.0122874	0.0157644
0	3	-7	-0.101344	-0.0372828	0.0439411
0	3	-6	-0.39581	-0.0849145	0.179333
0	3	-5	-1.49894	0.128988	0.365595
0	3	-4	-2.44433	0.389766	0.250163
0	3	-3	-2.74144	0.391734	0.0635421
0	3	-2	-2.80328	0.359544	0.0196653
0	3	-1	-2.81791	0.348008	0.0067956
0	3	0	-2.82055	0.345124	0.000893018
0	3	1	-2.81797	0.347909	-0.00485518
0	3	2	-2.80344	0.359563	-0.0170741
0	3	3	-2.74109	0.393123	-0.0589135
0	3	4	-2.43616	0.402909	-0.244589
0	3	5	-1.48153	0.149531	-0.377831
0	3	6	-0.388854	-0.0911025	-0.212199
0	3	7	-0.101014	-0.0417181	-0.0344274
0	3	8	-0.0340095	-0.0117996	-0.0121942
0	3	9	-0.0125739	-0.00417156	-0.00502586
0	3	10	-0.00494597	-0.00176578	-0.00200163
0	3	11	-0.00204755	-0.000916522	-0.000676268
0	3	12	-0.000883726	-0.000584916	-0.000101627
0	3	13	-0.000393115	-0.000436437	0.00013489
0	3	14	-0.000177481	-0.00035644	0.000219031
0	3	15	-7.94635e-05	-0.000304175	0.000235707
0	3	16	-3.38338e-05	-0.000264733	0.000224001
0	3	17	-1.23511e-05	-0.000232449	0.000201858
0	3	18	-2.30473e-06	-0.000205008	0.00017736
0	3	19	2.22221e-06	-0.000181323	0.000153971
0	3	20	4.06239e-06	-0.00016076	0.000132996
